174905856
119851041
112852891
112606733
289347347
135813974
142651350
138430247
138456192
232716578
388284965
340981844
494745788
521730611
557377131
42372577
59164005
40300161
480467274
32665972
61626759
61630869
442756864
57645787
62063855
114242936
522618248
114641834
67412805
112054679
67576796
110468341
128885684
257413745
242171095
546411192
107609555
97150777
126747033
162255361
103046232
230535096
125395336
148140355
114436200
114064387
130743464
60450986
179824228
177468454
5341453
54958932
280037667
10745353
9380070
412071819
512810583
181574111
91923156
96058062
442771889
93783752
97289130
406273969
125985945
405071927
176012657
17755797
93304173
31096297
29469994
358106812
78190292
45800788
47799806
70559736
517594830
226910253
152745255
154594392
70928650
75372388
76344779
84664310
131560978
145619021
126301414
133336489
182349180
115992373
120135418
211960726
205614417
213760809
222041573
66229158
157288795
123813902
9555795
9566738
217947206
25830379
7785492
532415030
216669490
481149162
501784256
66575014
170325773
542313891
200859327
126518658
11739798
22611738
280651942
15331313
74644810
74683062
25749047
26949021
95254432
94186939
73777542
216146776
82072479
81013663
110662106
106350603
361641953
114125077
145172043
167297046
147546013
139683275
150710027
172710672
129082861
154024066
160611676
136843865
177756602
138164160
236228230
497801250
369981271
432914226
548687477
475875963
423331478
444298039
484700341
464734459
466428660
2974666
28589280
509538472
48982569
73464502
53773206
70329305
84262097
21748912
500931153
30210030
27187843
27338168
29209811
123126789
366626393
71846876
91543045
37970699
36626322
36658347
570165241
206802988
72635076
561776256
83849972
175532597
116507837
225111380
224951262
226510194
255342160
327329989
482155
18319734
172163788
524942600
247690842
350152549
350357995
256618151
403181878
255735012
255737013
264795385
350818287
336617958
572716233
447860218
361118563
366254564
512041558
396519443
450488719
497693751
519136936
570660697
520938391
514311015
547420111
550751556
548710891
301682032
41900080
32958621
305069597
470902049
525077887
44826455
41855652
57822185
419758091
140900193
566200806
127968915
169042082
296103356
256117230
256095545
293190539
256649034
249984321
260773874
260845522
457038035
459299390
458518954
484435608
566292151
532108684
529192482
514633730
514647528
337908688
498983133
405751708
375901401
531199323
527018688
466006419
16400318
161571899
143523171
533583862
59555687
173360752
238255585
116712734
103779994
200903347
129198678
134122008
223524638
215358499
349975332
174460477
496642665
490068447
342522731
208527881
208512069
238462438
238512924
239194774
294769296
247430345
432103784
350876789
291474255
275181410
342533828
411188868
439872043
363802614
554671468
526281568
516040264
540884052
506567642
565636390
912895
78578039
479891316
493422665
485704834
55022021
316657783
104006078
90631026
162681533
190464119
161764670
337315700
272312008
389780249
384171991
281900250
441308767
193395907
12025920
12030058
27252069
6815096
340920885
69298367
16996447
126621457
198638243
198937377
366321994
21310352
25269270
195441476
197299997
197339571
56626837
90044614
90044939
56811326
68974047
56123380
291865897
562798423
223168023
181577611
214074287
488139806
197132183
377322178
433345490
241639696
268858757
269977822
240527346
249275121
250743445
204023068
209362842
76513964
178913839
121186181
346101708
339691703
216573620
252196121
375495422
263254250
411057961
257210022
371101472
400729782
461429303
556035947
530692619
552043904
529451457
540075040
482198836
48640242
77868131
62778594
115678742
166766636
155200359
200346490
72914244
256262515
101788008
75991065
250450263
216391635
79628102
74090166
107556508
123159024
124060599
144136628
487618533
190474305
548162059
211212460
211218000
238979756
261383170
301165325
490690596
306686957
302297124
377614051
320798481
65106076
68295028
66676014
69486194
524968553
524995483
68743377
83637576
153353442
191223136
175508739
86549126
198030514
142704306
142706304
119935170
190378797
153165731
164137281
167795420
119523216
401979212
155419525
528579906
130065081
190824628
267679333
132693677
169187229
222572126
292302371
357831782
350675723
369023317
518359483
431307394
298089527
326577320
340079679
480163898
337281689
393008813
339308130
322459551
322459601
366890934
394096750
526534190
386115821
398043920
398014684
382468472
385548844
563736831
496324077
471464813
428140009
484587314
484509356
458806216
454816494
447569660
459378133
464414696
519822664
507463930
552467400
553171564
526396073
531032623
553888928
554397417
562416511
559691364
451036517
376099666
278476637
408382306
424059647
286843674
287957796
320404130
291016327
288847851
278544370
302151118
302253212
369206775
302893771
292362249
495997899
297573787
450562027
295843181
487262450
317396900
432025022
444389396
338291352
324833176
337542345
432729382
432768558
321053869
330363218
403821392
452844662
322349364
329242144
395789703
383361069
354071562
84043337
84126858
391986101
103707039
121365642
217410988
517192670
518742031
571162778
233469712
290169728
394470942
293881734
179551819
192642151
205404453
510364645
261916654
330105281
557841788
270430460
250969229
334294156
363743691
446542246
559571241
421521832
322025436
305088992
303405458
336482042
376684932
477347442
527624036
369479710
141223030
148908946
150012471
167052505
173057549
152991430
189915144
212537994
213924732
189569978
195350501
230104432
219295922
529684693
208685694
494643703
546012431
546155278
546296380
230490301
274525697
218988462
219171703
445770178
346220367
528514956
340521010
289041314
276681901
261821666
261851423
341735086
100600701
164835180
283330818
477994178
93341255
422270776
96806326
330151292
558235513
282103825
487126439
317588059
454843166
332610176
401111018
353805312
353808124
353810417
387983896
415533512
503634410
502600851
514676657
515068646
353125427
355886676
356601782
356604661
388304345
360790606
419108526
522887619
539291942
408972292
462672375
407949845
562542022
517622345
536061473
416060391
419467344
419517200
421019597
489026743
450283889
518877986
460696015
533845222
561816568
480518986
480930632
495888014
507786832
508304308
508310564
486312676
561573830
564691647
495719380
503390905
536829863
525032294
512680501
540395546
556371764
551226012
505664828
533616416
504478948
545882074
519937488
553501801
574636311
79570860
88744351
438531930
295872834
177591047
133776201
165477618
152896726
203553834
148624585
430064846
177065605
195402373
183592887
270262059
501241593
574361506
521528266
13008765
18325731
14545965
101463529
16364082
292198839
187914741
22130296
68042895
568620165
212579696
211472277
30103228
46415822
36946451
204532417
64362932
66937602
39121386
55778122
569142628
197731661
57223911
238059974
166057132
54706270
65661080
67622524
86059394
128634258
124309524
243538691
302726333
315986890
315987374
315988003
515512124
372535777
231242515
526080182
266308065
458154592
285109227
286878901
359616003
304682120
448163475
441144086
325679666
380131602
468055198
388652267
359629929
540425869
456064669
535065575
473838735
492729561
494895733
520833974
12779832
272081435
37758016
89738255
125224118
55259505
126736556
548825608
39586716
54899918
305462686
166710358
315053715
524378042
197033779
209512272
498943052
230339559
249418794
251456894
306748391
247932419
405699272
295601719
278881681
525616351
282544676
282553610
476792760
317474364
309633689
309752016
369147275
469633546
478368499
289187482
310024632
529899258
405539119
283781923
422362634
414676386
348279825
448265204
476638556
343621454
291059893
496024568
304055406
435038316
434499934
314758879
437245236
449172153
331227641
319209972
558372088
344249007
499133046
511258783
570524709
467330155
467343252
537899236
404886518
395288165
559550291
559379108
405607869
498012313
443138312
463263619
488730879
434763336
492428018
468271231
476660367
472531779
535370554
544060296
554910251
555605834
486661734
543284441
505713492
470206551
240721284
440735573
276268192
289996486
310608117
440457651
362242638
306650276
333251595
345503711
532383029
464604248
382534554
515302742
377362040
451005361
374861489
491813350
495986156
364515610
366721356
476614641
436570467
374406120
413029804
396681008
383798380
396388352
403355571
386940750
420499744
431341720
448049323
478117987
433193337
452671822
472074903
563907918
228471717
997161
6599782
15468451
115546978
24591049
15217963
61579744
69119661
74841873
87372911
141024030
145831485
110289866
100222347
227910874
251882921
248882197
446775459
556882356
350992475
441217696
558122182
18768706
88859474
142203367
10014420
209491368
55534665
97478304
341590764
392080915
162729763
265110970
280564527
302184925
265162141
350420999
276897733
299131771
540512731
540514638
288213848
371579640
422096172
340875759
351512751
354399958
446657191
367218429
381254734
381709894
497988960
502356186
467296409
499586574
502080536
553805247
546877012
571203903
20080982
354768294
532528076
1862712
65464341
102275899
33492554
305638795
410912023
83620976
189010594
539651106
186997118
100270842
130561150
541285330
204060014
34021469
99858997
261491736
118965672
120939244
121951285
132845066
147729911
135711903
126790203
142513903
149820345
454618892
221437079
187330840
208001921
373464526
218874806
310413676
330869961
356934912
359705079
357817550
443318390
416579531
427907374
4292930
2078642
1963859
343969
204923277
78005379
314594631
32846003
571573176
188223214
111041585
160365237
74117849
85228721
175244634
78337727
309765688
191177796
151190549
152270491
155546838
339563447
331751909
384141738
268330511
273879993
309350085
329580563
359798052
443988210
509246758
355383376
343259080
360086652
364229691
399767640
224047169
102353579
158706539
185178445
128098014
247946352
255292862
285442196
287383494
495776309
14174795
106298480
106320062
187654123
188276004
197174062
208500783
297598178
57752836
134599940
243191176
275369651
530786255
264748127
466295741
149655517
152332605
156611248
452240601
327791900
330985924
358120481
407087092
399674429
402631498
380437188
406913247
404669125
420713044
447313998
480816596
8223362
374312467
530845462
219633957
221972846
513493991
217449449
3969756
201193997
193703924
13327307
2391622
2426001
3472629
21644998
78378464
197522205
200150014
54962690
83087216
13652839
75081792
189145724
14556780
227436645
298281887
173588404
42415371
34524750
108186619
540273382
546002628
78087044
153414910
511433957
310530502
192613137
201500612
542663253
321660224
217967704
249647277
207473666
517858920
157088135
38238218
8055406
245323102
179948643
86285170
382558071
223113469
357192506
359760388
493718976
556420325
521713803
13243440
246963661
276061069
70002858
225885188
494162353
317841692
153730277
344520811
291001959
199106213
201719794
218153174
223764058
198287342
183228342
318578769
314842813
491437116
326248482
313789530
481571010
504791442
504794036
329434595
5156486
362099191
457572074
300138793
12849122
470374237
112340018
92363234
205408004
571320403
165076044
220622517
186834771
229433830
232828461
232841654
272505384
392803509
392786606
237000442
237171729
348968130
375012946
299627196
240087612
474816388
336023132
437961589
475213331
967576
979011
99362182
9171117
25853581
193244977
340035060
526930529
205888621
241841488
141000662
146667345
151271204
82615312
215627061
423728274
310226145
352937412
480023145
417201175
246834301
223371181
269688315
237406762
234793960
290446844
245293643
245305208
245306672
369611183
334910364
411438776
324418113
338303584
258474425
261424976
261310678
311271688
312022872
302756232
296092094
331521804
320334179
343575287
432276051
432635151
421223804
352538452
389976656
295621853
382062737
253811867
178425816
300828738
182880576
266982228
275664928
293066238
566847664
359945888
357338692
416231247
431035512
434200558
453532919
423385321
422983316
488862039
419810380
413705902
407237525
461709132
193209661
228136856
423246502
306454215
221075621
264188603
527841524
534702867
255611771
234884134
468423109
